{
 "cells": [
  {
   "cell_type": "code",
   "execution_count": 139,
   "metadata": {},
   "outputs": [],
   "source": [
    "import pandas as pd\n",
    "import numpy as np\n",
    "import matplotlib.pyplot as plt\n",
    "\n",
    "plt.style.use('classic') \n",
    "df = pd.concat([pd.read_csv(f'../metric_table/metrics_testfrac-{round(frac, 1)}_predstep-1.csv') for frac in np.arange(0.1, 1, 0.1)])\n",
    "model_name_encoder = {name:name for name in df.model}\n",
    "model_name_encoder.update({'MultiSeqHybrid':'MultiSeqFusion', 'MultiSeqHybridUmap':'MultiSeqFusion(+umap embedding)'})\n",
    "df.model = df.model.map(model_name_encoder)\n",
    "\n",
    "ref_df = pd.read_csv('../metric_table/timewise_metrics_testfrac-0.2_predstep-1.csv')"
   ]
  },
  {
   "cell_type": "code",
   "execution_count": 140,
   "metadata": {},
   "outputs": [
    {
     "data": {
      "text/html": [
       "<div>\n",
       "<style scoped>\n",
       "    .dataframe tbody tr th:only-of-type {\n",
       "        vertical-align: middle;\n",
       "    }\n",
       "\n",
       "    .dataframe tbody tr th {\n",
       "        vertical-align: top;\n",
       "    }\n",
       "\n",
       "    .dataframe thead th {\n",
       "        text-align: right;\n",
       "    }\n",
       "</style>\n",
       "<table border=\"1\" class=\"dataframe\">\n",
       "  <thead>\n",
       "    <tr style=\"text-align: right;\">\n",
       "      <th></th>\n",
       "      <th>loss</th>\n",
       "      <th>f1_macro</th>\n",
       "      <th>f1_micro</th>\n",
       "      <th>f1_weighted</th>\n",
       "      <th>auc_macro</th>\n",
       "      <th>auc_weighted</th>\n",
       "      <th>bal_accuracy</th>\n",
       "      <th>accuracy</th>\n",
       "      <th>recall_0</th>\n",
       "      <th>recall_1</th>\n",
       "      <th>recall_2</th>\n",
       "      <th>model</th>\n",
       "      <th>test_frac</th>\n",
       "    </tr>\n",
       "  </thead>\n",
       "  <tbody>\n",
       "    <tr>\n",
       "      <th>0</th>\n",
       "      <td>0.688667</td>\n",
       "      <td>0.597386</td>\n",
       "      <td>0.799992</td>\n",
       "      <td>0.821633</td>\n",
       "      <td>0.848240</td>\n",
       "      <td>0.881521</td>\n",
       "      <td>0.646684</td>\n",
       "      <td>0.799992</td>\n",
       "      <td>0.844352</td>\n",
       "      <td>0.388876</td>\n",
       "      <td>0.706825</td>\n",
       "      <td>MultiSeqBase</td>\n",
       "      <td>0.1</td>\n",
       "    </tr>\n",
       "    <tr>\n",
       "      <th>1</th>\n",
       "      <td>0.649540</td>\n",
       "      <td>0.604526</td>\n",
       "      <td>0.839037</td>\n",
       "      <td>0.843360</td>\n",
       "      <td>0.840387</td>\n",
       "      <td>0.879358</td>\n",
       "      <td>0.627608</td>\n",
       "      <td>0.839037</td>\n",
       "      <td>0.898609</td>\n",
       "      <td>0.253518</td>\n",
       "      <td>0.730696</td>\n",
       "      <td>MultiSeqUmap</td>\n",
       "      <td>0.1</td>\n",
       "    </tr>\n",
       "    <tr>\n",
       "      <th>2</th>\n",
       "      <td>0.687362</td>\n",
       "      <td>0.599627</td>\n",
       "      <td>0.804175</td>\n",
       "      <td>0.824067</td>\n",
       "      <td>0.839011</td>\n",
       "      <td>0.870779</td>\n",
       "      <td>0.644245</td>\n",
       "      <td>0.804175</td>\n",
       "      <td>0.852886</td>\n",
       "      <td>0.403395</td>\n",
       "      <td>0.676454</td>\n",
       "      <td>MultiSeqFusion</td>\n",
       "      <td>0.1</td>\n",
       "    </tr>\n",
       "    <tr>\n",
       "      <th>3</th>\n",
       "      <td>0.668123</td>\n",
       "      <td>0.611960</td>\n",
       "      <td>0.816017</td>\n",
       "      <td>0.831786</td>\n",
       "      <td>0.844132</td>\n",
       "      <td>0.876466</td>\n",
       "      <td>0.653936</td>\n",
       "      <td>0.816017</td>\n",
       "      <td>0.863411</td>\n",
       "      <td>0.387090</td>\n",
       "      <td>0.711308</td>\n",
       "      <td>MultiSeqFusion(+umap embedding)</td>\n",
       "      <td>0.1</td>\n",
       "    </tr>\n",
       "    <tr>\n",
       "      <th>4</th>\n",
       "      <td>0.659918</td>\n",
       "      <td>0.573357</td>\n",
       "      <td>0.833877</td>\n",
       "      <td>0.836036</td>\n",
       "      <td>0.835592</td>\n",
       "      <td>0.877780</td>\n",
       "      <td>0.597788</td>\n",
       "      <td>0.833877</td>\n",
       "      <td>0.899057</td>\n",
       "      <td>0.164619</td>\n",
       "      <td>0.729687</td>\n",
       "      <td>MultiSeqUmapEarlyGating</td>\n",
       "      <td>0.1</td>\n",
       "    </tr>\n",
       "  </tbody>\n",
       "</table>\n",
       "</div>"
      ],
      "text/plain": [
       "       loss  f1_macro  f1_micro  f1_weighted  auc_macro  auc_weighted  \\\n",
       "0  0.688667  0.597386  0.799992     0.821633   0.848240      0.881521   \n",
       "1  0.649540  0.604526  0.839037     0.843360   0.840387      0.879358   \n",
       "2  0.687362  0.599627  0.804175     0.824067   0.839011      0.870779   \n",
       "3  0.668123  0.611960  0.816017     0.831786   0.844132      0.876466   \n",
       "4  0.659918  0.573357  0.833877     0.836036   0.835592      0.877780   \n",
       "\n",
       "   bal_accuracy  accuracy  recall_0  recall_1  recall_2  \\\n",
       "0      0.646684  0.799992  0.844352  0.388876  0.706825   \n",
       "1      0.627608  0.839037  0.898609  0.253518  0.730696   \n",
       "2      0.644245  0.804175  0.852886  0.403395  0.676454   \n",
       "3      0.653936  0.816017  0.863411  0.387090  0.711308   \n",
       "4      0.597788  0.833877  0.899057  0.164619  0.729687   \n",
       "\n",
       "                             model  test_frac  \n",
       "0                     MultiSeqBase        0.1  \n",
       "1                     MultiSeqUmap        0.1  \n",
       "2                   MultiSeqFusion        0.1  \n",
       "3  MultiSeqFusion(+umap embedding)        0.1  \n",
       "4          MultiSeqUmapEarlyGating        0.1  "
      ]
     },
     "metadata": {},
     "output_type": "display_data"
    },
    {
     "data": {
      "text/html": [
       "<div>\n",
       "<style scoped>\n",
       "    .dataframe tbody tr th:only-of-type {\n",
       "        vertical-align: middle;\n",
       "    }\n",
       "\n",
       "    .dataframe tbody tr th {\n",
       "        vertical-align: top;\n",
       "    }\n",
       "\n",
       "    .dataframe thead th {\n",
       "        text-align: right;\n",
       "    }\n",
       "</style>\n",
       "<table border=\"1\" class=\"dataframe\">\n",
       "  <thead>\n",
       "    <tr style=\"text-align: right;\">\n",
       "      <th></th>\n",
       "      <th>loss</th>\n",
       "      <th>f1_macro</th>\n",
       "      <th>f1_micro</th>\n",
       "      <th>f1_weighted</th>\n",
       "      <th>auc_macro</th>\n",
       "      <th>auc_weighted</th>\n",
       "      <th>bal_accuracy</th>\n",
       "      <th>accuracy</th>\n",
       "      <th>recall_0</th>\n",
       "      <th>recall_1</th>\n",
       "      <th>recall_2</th>\n",
       "      <th>model</th>\n",
       "      <th>test_frac</th>\n",
       "    </tr>\n",
       "  </thead>\n",
       "  <tbody>\n",
       "    <tr>\n",
       "      <th>0</th>\n",
       "      <td>0.645549</td>\n",
       "      <td>0.602431</td>\n",
       "      <td>0.811041</td>\n",
       "      <td>0.835195</td>\n",
       "      <td>0.853384</td>\n",
       "      <td>0.881631</td>\n",
       "      <td>0.657114</td>\n",
       "      <td>0.811041</td>\n",
       "      <td>0.852577</td>\n",
       "      <td>0.439698</td>\n",
       "      <td>0.679066</td>\n",
       "      <td>MultiSeqBase</td>\n",
       "      <td>0.2</td>\n",
       "    </tr>\n",
       "    <tr>\n",
       "      <th>1</th>\n",
       "      <td>0.669925</td>\n",
       "      <td>0.591145</td>\n",
       "      <td>0.784377</td>\n",
       "      <td>0.817061</td>\n",
       "      <td>0.854719</td>\n",
       "      <td>0.881823</td>\n",
       "      <td>0.666412</td>\n",
       "      <td>0.784377</td>\n",
       "      <td>0.815355</td>\n",
       "      <td>0.485882</td>\n",
       "      <td>0.698000</td>\n",
       "      <td>MultiSeqUmap</td>\n",
       "      <td>0.2</td>\n",
       "    </tr>\n",
       "    <tr>\n",
       "      <th>2</th>\n",
       "      <td>0.613935</td>\n",
       "      <td>0.611347</td>\n",
       "      <td>0.816030</td>\n",
       "      <td>0.837510</td>\n",
       "      <td>0.858150</td>\n",
       "      <td>0.882448</td>\n",
       "      <td>0.671959</td>\n",
       "      <td>0.816030</td>\n",
       "      <td>0.854999</td>\n",
       "      <td>0.469969</td>\n",
       "      <td>0.690908</td>\n",
       "      <td>MultiSeqHybrid</td>\n",
       "      <td>0.2</td>\n",
       "    </tr>\n",
       "    <tr>\n",
       "      <th>3</th>\n",
       "      <td>0.621282</td>\n",
       "      <td>0.617062</td>\n",
       "      <td>0.827018</td>\n",
       "      <td>0.843518</td>\n",
       "      <td>0.858954</td>\n",
       "      <td>0.881980</td>\n",
       "      <td>0.672304</td>\n",
       "      <td>0.827018</td>\n",
       "      <td>0.867608</td>\n",
       "      <td>0.434913</td>\n",
       "      <td>0.714391</td>\n",
       "      <td>MultiSeqHybridUmap</td>\n",
       "      <td>0.2</td>\n",
       "    </tr>\n",
       "    <tr>\n",
       "      <th>4</th>\n",
       "      <td>0.587916</td>\n",
       "      <td>0.627090</td>\n",
       "      <td>0.838535</td>\n",
       "      <td>0.852210</td>\n",
       "      <td>0.863175</td>\n",
       "      <td>0.883802</td>\n",
       "      <td>0.670135</td>\n",
       "      <td>0.838535</td>\n",
       "      <td>0.883081</td>\n",
       "      <td>0.417684</td>\n",
       "      <td>0.709641</td>\n",
       "      <td>MultiSeqUmapEarlyGating</td>\n",
       "      <td>0.2</td>\n",
       "    </tr>\n",
       "  </tbody>\n",
       "</table>\n",
       "</div>"
      ],
      "text/plain": [
       "       loss  f1_macro  f1_micro  f1_weighted  auc_macro  auc_weighted  \\\n",
       "0  0.645549  0.602431  0.811041     0.835195   0.853384      0.881631   \n",
       "1  0.669925  0.591145  0.784377     0.817061   0.854719      0.881823   \n",
       "2  0.613935  0.611347  0.816030     0.837510   0.858150      0.882448   \n",
       "3  0.621282  0.617062  0.827018     0.843518   0.858954      0.881980   \n",
       "4  0.587916  0.627090  0.838535     0.852210   0.863175      0.883802   \n",
       "\n",
       "   bal_accuracy  accuracy  recall_0  recall_1  recall_2  \\\n",
       "0      0.657114  0.811041  0.852577  0.439698  0.679066   \n",
       "1      0.666412  0.784377  0.815355  0.485882  0.698000   \n",
       "2      0.671959  0.816030  0.854999  0.469969  0.690908   \n",
       "3      0.672304  0.827018  0.867608  0.434913  0.714391   \n",
       "4      0.670135  0.838535  0.883081  0.417684  0.709641   \n",
       "\n",
       "                     model  test_frac  \n",
       "0             MultiSeqBase        0.2  \n",
       "1             MultiSeqUmap        0.2  \n",
       "2           MultiSeqHybrid        0.2  \n",
       "3       MultiSeqHybridUmap        0.2  \n",
       "4  MultiSeqUmapEarlyGating        0.2  "
      ]
     },
     "metadata": {},
     "output_type": "display_data"
    }
   ],
   "source": [
    "display(df.head())\n",
    "\n",
    "display(ref_df.head())"
   ]
  },
  {
   "cell_type": "code",
   "execution_count": 141,
   "metadata": {},
   "outputs": [
    {
     "data": {
      "text/html": [
       "<div>\n",
       "<style scoped>\n",
       "    .dataframe tbody tr th:only-of-type {\n",
       "        vertical-align: middle;\n",
       "    }\n",
       "\n",
       "    .dataframe tbody tr th {\n",
       "        vertical-align: top;\n",
       "    }\n",
       "\n",
       "    .dataframe thead th {\n",
       "        text-align: right;\n",
       "    }\n",
       "</style>\n",
       "<table border=\"1\" class=\"dataframe\">\n",
       "  <thead>\n",
       "    <tr style=\"text-align: right;\">\n",
       "      <th></th>\n",
       "      <th>loss</th>\n",
       "      <th>f1_macro</th>\n",
       "      <th>f1_micro</th>\n",
       "      <th>f1_weighted</th>\n",
       "      <th>auc_macro</th>\n",
       "      <th>auc_weighted</th>\n",
       "      <th>bal_accuracy</th>\n",
       "      <th>accuracy</th>\n",
       "      <th>recall_0</th>\n",
       "      <th>recall_1</th>\n",
       "      <th>recall_2</th>\n",
       "      <th>model</th>\n",
       "      <th>test_frac</th>\n",
       "    </tr>\n",
       "  </thead>\n",
       "  <tbody>\n",
       "    <tr>\n",
       "      <th>4</th>\n",
       "      <td>0.587916</td>\n",
       "      <td>0.627090</td>\n",
       "      <td>0.838535</td>\n",
       "      <td>0.852210</td>\n",
       "      <td>0.863175</td>\n",
       "      <td>0.883802</td>\n",
       "      <td>0.670135</td>\n",
       "      <td>0.838535</td>\n",
       "      <td>0.883081</td>\n",
       "      <td>0.417684</td>\n",
       "      <td>0.709641</td>\n",
       "      <td>MultiSeqUmapEarlyGating</td>\n",
       "      <td>0.2</td>\n",
       "    </tr>\n",
       "    <tr>\n",
       "      <th>3</th>\n",
       "      <td>0.621282</td>\n",
       "      <td>0.617062</td>\n",
       "      <td>0.827018</td>\n",
       "      <td>0.843518</td>\n",
       "      <td>0.858954</td>\n",
       "      <td>0.881980</td>\n",
       "      <td>0.672304</td>\n",
       "      <td>0.827018</td>\n",
       "      <td>0.867608</td>\n",
       "      <td>0.434913</td>\n",
       "      <td>0.714391</td>\n",
       "      <td>MultiSeqHybridUmap</td>\n",
       "      <td>0.2</td>\n",
       "    </tr>\n",
       "    <tr>\n",
       "      <th>2</th>\n",
       "      <td>0.613935</td>\n",
       "      <td>0.611347</td>\n",
       "      <td>0.816030</td>\n",
       "      <td>0.837510</td>\n",
       "      <td>0.858150</td>\n",
       "      <td>0.882448</td>\n",
       "      <td>0.671959</td>\n",
       "      <td>0.816030</td>\n",
       "      <td>0.854999</td>\n",
       "      <td>0.469969</td>\n",
       "      <td>0.690908</td>\n",
       "      <td>MultiSeqHybrid</td>\n",
       "      <td>0.2</td>\n",
       "    </tr>\n",
       "    <tr>\n",
       "      <th>0</th>\n",
       "      <td>0.645549</td>\n",
       "      <td>0.602431</td>\n",
       "      <td>0.811041</td>\n",
       "      <td>0.835195</td>\n",
       "      <td>0.853384</td>\n",
       "      <td>0.881631</td>\n",
       "      <td>0.657114</td>\n",
       "      <td>0.811041</td>\n",
       "      <td>0.852577</td>\n",
       "      <td>0.439698</td>\n",
       "      <td>0.679066</td>\n",
       "      <td>MultiSeqBase</td>\n",
       "      <td>0.2</td>\n",
       "    </tr>\n",
       "    <tr>\n",
       "      <th>5</th>\n",
       "      <td>0.661357</td>\n",
       "      <td>0.605169</td>\n",
       "      <td>0.802402</td>\n",
       "      <td>0.829082</td>\n",
       "      <td>0.855682</td>\n",
       "      <td>0.880400</td>\n",
       "      <td>0.672571</td>\n",
       "      <td>0.802402</td>\n",
       "      <td>0.837006</td>\n",
       "      <td>0.482173</td>\n",
       "      <td>0.698535</td>\n",
       "      <td>MultiSeqHybridUmapEarlyGating</td>\n",
       "      <td>0.2</td>\n",
       "    </tr>\n",
       "    <tr>\n",
       "      <th>1</th>\n",
       "      <td>0.669925</td>\n",
       "      <td>0.591145</td>\n",
       "      <td>0.784377</td>\n",
       "      <td>0.817061</td>\n",
       "      <td>0.854719</td>\n",
       "      <td>0.881823</td>\n",
       "      <td>0.666412</td>\n",
       "      <td>0.784377</td>\n",
       "      <td>0.815355</td>\n",
       "      <td>0.485882</td>\n",
       "      <td>0.698000</td>\n",
       "      <td>MultiSeqUmap</td>\n",
       "      <td>0.2</td>\n",
       "    </tr>\n",
       "  </tbody>\n",
       "</table>\n",
       "</div>"
      ],
      "text/plain": [
       "       loss  f1_macro  f1_micro  f1_weighted  auc_macro  auc_weighted  \\\n",
       "4  0.587916  0.627090  0.838535     0.852210   0.863175      0.883802   \n",
       "3  0.621282  0.617062  0.827018     0.843518   0.858954      0.881980   \n",
       "2  0.613935  0.611347  0.816030     0.837510   0.858150      0.882448   \n",
       "0  0.645549  0.602431  0.811041     0.835195   0.853384      0.881631   \n",
       "5  0.661357  0.605169  0.802402     0.829082   0.855682      0.880400   \n",
       "1  0.669925  0.591145  0.784377     0.817061   0.854719      0.881823   \n",
       "\n",
       "   bal_accuracy  accuracy  recall_0  recall_1  recall_2  \\\n",
       "4      0.670135  0.838535  0.883081  0.417684  0.709641   \n",
       "3      0.672304  0.827018  0.867608  0.434913  0.714391   \n",
       "2      0.671959  0.816030  0.854999  0.469969  0.690908   \n",
       "0      0.657114  0.811041  0.852577  0.439698  0.679066   \n",
       "5      0.672571  0.802402  0.837006  0.482173  0.698535   \n",
       "1      0.666412  0.784377  0.815355  0.485882  0.698000   \n",
       "\n",
       "                           model  test_frac  \n",
       "4        MultiSeqUmapEarlyGating        0.2  \n",
       "3             MultiSeqHybridUmap        0.2  \n",
       "2                 MultiSeqHybrid        0.2  \n",
       "0                   MultiSeqBase        0.2  \n",
       "5  MultiSeqHybridUmapEarlyGating        0.2  \n",
       "1                   MultiSeqUmap        0.2  "
      ]
     },
     "execution_count": 141,
     "metadata": {},
     "output_type": "execute_result"
    }
   ],
   "source": [
    "ref_df.sort_values('f1_weighted', ascending=False)"
   ]
  },
  {
   "cell_type": "code",
   "execution_count": 142,
   "metadata": {},
   "outputs": [
    {
     "data": {
      "text/html": [
       "<div>\n",
       "<style scoped>\n",
       "    .dataframe tbody tr th:only-of-type {\n",
       "        vertical-align: middle;\n",
       "    }\n",
       "\n",
       "    .dataframe tbody tr th {\n",
       "        vertical-align: top;\n",
       "    }\n",
       "\n",
       "    .dataframe thead th {\n",
       "        text-align: right;\n",
       "    }\n",
       "</style>\n",
       "<table border=\"1\" class=\"dataframe\">\n",
       "  <thead>\n",
       "    <tr style=\"text-align: right;\">\n",
       "      <th></th>\n",
       "      <th>loss</th>\n",
       "      <th>f1_macro</th>\n",
       "      <th>f1_micro</th>\n",
       "      <th>f1_weighted</th>\n",
       "      <th>auc_macro</th>\n",
       "      <th>auc_weighted</th>\n",
       "      <th>bal_accuracy</th>\n",
       "      <th>accuracy</th>\n",
       "      <th>recall_0</th>\n",
       "      <th>recall_1</th>\n",
       "      <th>recall_2</th>\n",
       "      <th>model</th>\n",
       "      <th>test_frac</th>\n",
       "    </tr>\n",
       "  </thead>\n",
       "  <tbody>\n",
       "    <tr>\n",
       "      <th>5</th>\n",
       "      <td>0.661357</td>\n",
       "      <td>0.605169</td>\n",
       "      <td>0.802402</td>\n",
       "      <td>0.829082</td>\n",
       "      <td>0.855682</td>\n",
       "      <td>0.880400</td>\n",
       "      <td>0.672571</td>\n",
       "      <td>0.802402</td>\n",
       "      <td>0.837006</td>\n",
       "      <td>0.482173</td>\n",
       "      <td>0.698535</td>\n",
       "      <td>MultiSeqHybridUmapEarlyGating</td>\n",
       "      <td>0.2</td>\n",
       "    </tr>\n",
       "    <tr>\n",
       "      <th>3</th>\n",
       "      <td>0.621282</td>\n",
       "      <td>0.617062</td>\n",
       "      <td>0.827018</td>\n",
       "      <td>0.843518</td>\n",
       "      <td>0.858954</td>\n",
       "      <td>0.881980</td>\n",
       "      <td>0.672304</td>\n",
       "      <td>0.827018</td>\n",
       "      <td>0.867608</td>\n",
       "      <td>0.434913</td>\n",
       "      <td>0.714391</td>\n",
       "      <td>MultiSeqHybridUmap</td>\n",
       "      <td>0.2</td>\n",
       "    </tr>\n",
       "    <tr>\n",
       "      <th>2</th>\n",
       "      <td>0.613935</td>\n",
       "      <td>0.611347</td>\n",
       "      <td>0.816030</td>\n",
       "      <td>0.837510</td>\n",
       "      <td>0.858150</td>\n",
       "      <td>0.882448</td>\n",
       "      <td>0.671959</td>\n",
       "      <td>0.816030</td>\n",
       "      <td>0.854999</td>\n",
       "      <td>0.469969</td>\n",
       "      <td>0.690908</td>\n",
       "      <td>MultiSeqHybrid</td>\n",
       "      <td>0.2</td>\n",
       "    </tr>\n",
       "    <tr>\n",
       "      <th>4</th>\n",
       "      <td>0.587916</td>\n",
       "      <td>0.627090</td>\n",
       "      <td>0.838535</td>\n",
       "      <td>0.852210</td>\n",
       "      <td>0.863175</td>\n",
       "      <td>0.883802</td>\n",
       "      <td>0.670135</td>\n",
       "      <td>0.838535</td>\n",
       "      <td>0.883081</td>\n",
       "      <td>0.417684</td>\n",
       "      <td>0.709641</td>\n",
       "      <td>MultiSeqUmapEarlyGating</td>\n",
       "      <td>0.2</td>\n",
       "    </tr>\n",
       "    <tr>\n",
       "      <th>1</th>\n",
       "      <td>0.669925</td>\n",
       "      <td>0.591145</td>\n",
       "      <td>0.784377</td>\n",
       "      <td>0.817061</td>\n",
       "      <td>0.854719</td>\n",
       "      <td>0.881823</td>\n",
       "      <td>0.666412</td>\n",
       "      <td>0.784377</td>\n",
       "      <td>0.815355</td>\n",
       "      <td>0.485882</td>\n",
       "      <td>0.698000</td>\n",
       "      <td>MultiSeqUmap</td>\n",
       "      <td>0.2</td>\n",
       "    </tr>\n",
       "    <tr>\n",
       "      <th>0</th>\n",
       "      <td>0.645549</td>\n",
       "      <td>0.602431</td>\n",
       "      <td>0.811041</td>\n",
       "      <td>0.835195</td>\n",
       "      <td>0.853384</td>\n",
       "      <td>0.881631</td>\n",
       "      <td>0.657114</td>\n",
       "      <td>0.811041</td>\n",
       "      <td>0.852577</td>\n",
       "      <td>0.439698</td>\n",
       "      <td>0.679066</td>\n",
       "      <td>MultiSeqBase</td>\n",
       "      <td>0.2</td>\n",
       "    </tr>\n",
       "  </tbody>\n",
       "</table>\n",
       "</div>"
      ],
      "text/plain": [
       "       loss  f1_macro  f1_micro  f1_weighted  auc_macro  auc_weighted  \\\n",
       "5  0.661357  0.605169  0.802402     0.829082   0.855682      0.880400   \n",
       "3  0.621282  0.617062  0.827018     0.843518   0.858954      0.881980   \n",
       "2  0.613935  0.611347  0.816030     0.837510   0.858150      0.882448   \n",
       "4  0.587916  0.627090  0.838535     0.852210   0.863175      0.883802   \n",
       "1  0.669925  0.591145  0.784377     0.817061   0.854719      0.881823   \n",
       "0  0.645549  0.602431  0.811041     0.835195   0.853384      0.881631   \n",
       "\n",
       "   bal_accuracy  accuracy  recall_0  recall_1  recall_2  \\\n",
       "5      0.672571  0.802402  0.837006  0.482173  0.698535   \n",
       "3      0.672304  0.827018  0.867608  0.434913  0.714391   \n",
       "2      0.671959  0.816030  0.854999  0.469969  0.690908   \n",
       "4      0.670135  0.838535  0.883081  0.417684  0.709641   \n",
       "1      0.666412  0.784377  0.815355  0.485882  0.698000   \n",
       "0      0.657114  0.811041  0.852577  0.439698  0.679066   \n",
       "\n",
       "                           model  test_frac  \n",
       "5  MultiSeqHybridUmapEarlyGating        0.2  \n",
       "3             MultiSeqHybridUmap        0.2  \n",
       "2                 MultiSeqHybrid        0.2  \n",
       "4        MultiSeqUmapEarlyGating        0.2  \n",
       "1                   MultiSeqUmap        0.2  \n",
       "0                   MultiSeqBase        0.2  "
      ]
     },
     "execution_count": 142,
     "metadata": {},
     "output_type": "execute_result"
    }
   ],
   "source": [
    "ref_df.sort_values('bal_accuracy', ascending=False)"
   ]
  },
  {
   "cell_type": "code",
   "execution_count": 143,
   "metadata": {},
   "outputs": [
    {
     "data": {
      "text/html": [
       "<div>\n",
       "<style scoped>\n",
       "    .dataframe tbody tr th:only-of-type {\n",
       "        vertical-align: middle;\n",
       "    }\n",
       "\n",
       "    .dataframe tbody tr th {\n",
       "        vertical-align: top;\n",
       "    }\n",
       "\n",
       "    .dataframe thead th {\n",
       "        text-align: right;\n",
       "    }\n",
       "</style>\n",
       "<table border=\"1\" class=\"dataframe\">\n",
       "  <thead>\n",
       "    <tr style=\"text-align: right;\">\n",
       "      <th></th>\n",
       "      <th>loss</th>\n",
       "      <th>f1_macro</th>\n",
       "      <th>f1_micro</th>\n",
       "      <th>f1_weighted</th>\n",
       "      <th>auc_macro</th>\n",
       "      <th>auc_weighted</th>\n",
       "      <th>bal_accuracy</th>\n",
       "      <th>accuracy</th>\n",
       "      <th>recall_0</th>\n",
       "      <th>recall_1</th>\n",
       "      <th>recall_2</th>\n",
       "      <th>model</th>\n",
       "      <th>test_frac</th>\n",
       "    </tr>\n",
       "  </thead>\n",
       "  <tbody>\n",
       "    <tr>\n",
       "      <th>4</th>\n",
       "      <td>0.587916</td>\n",
       "      <td>0.627090</td>\n",
       "      <td>0.838535</td>\n",
       "      <td>0.852210</td>\n",
       "      <td>0.863175</td>\n",
       "      <td>0.883802</td>\n",
       "      <td>0.670135</td>\n",
       "      <td>0.838535</td>\n",
       "      <td>0.883081</td>\n",
       "      <td>0.417684</td>\n",
       "      <td>0.709641</td>\n",
       "      <td>MultiSeqUmapEarlyGating</td>\n",
       "      <td>0.2</td>\n",
       "    </tr>\n",
       "    <tr>\n",
       "      <th>2</th>\n",
       "      <td>0.613935</td>\n",
       "      <td>0.611347</td>\n",
       "      <td>0.816030</td>\n",
       "      <td>0.837510</td>\n",
       "      <td>0.858150</td>\n",
       "      <td>0.882448</td>\n",
       "      <td>0.671959</td>\n",
       "      <td>0.816030</td>\n",
       "      <td>0.854999</td>\n",
       "      <td>0.469969</td>\n",
       "      <td>0.690908</td>\n",
       "      <td>MultiSeqHybrid</td>\n",
       "      <td>0.2</td>\n",
       "    </tr>\n",
       "    <tr>\n",
       "      <th>3</th>\n",
       "      <td>0.621282</td>\n",
       "      <td>0.617062</td>\n",
       "      <td>0.827018</td>\n",
       "      <td>0.843518</td>\n",
       "      <td>0.858954</td>\n",
       "      <td>0.881980</td>\n",
       "      <td>0.672304</td>\n",
       "      <td>0.827018</td>\n",
       "      <td>0.867608</td>\n",
       "      <td>0.434913</td>\n",
       "      <td>0.714391</td>\n",
       "      <td>MultiSeqHybridUmap</td>\n",
       "      <td>0.2</td>\n",
       "    </tr>\n",
       "    <tr>\n",
       "      <th>1</th>\n",
       "      <td>0.669925</td>\n",
       "      <td>0.591145</td>\n",
       "      <td>0.784377</td>\n",
       "      <td>0.817061</td>\n",
       "      <td>0.854719</td>\n",
       "      <td>0.881823</td>\n",
       "      <td>0.666412</td>\n",
       "      <td>0.784377</td>\n",
       "      <td>0.815355</td>\n",
       "      <td>0.485882</td>\n",
       "      <td>0.698000</td>\n",
       "      <td>MultiSeqUmap</td>\n",
       "      <td>0.2</td>\n",
       "    </tr>\n",
       "    <tr>\n",
       "      <th>0</th>\n",
       "      <td>0.645549</td>\n",
       "      <td>0.602431</td>\n",
       "      <td>0.811041</td>\n",
       "      <td>0.835195</td>\n",
       "      <td>0.853384</td>\n",
       "      <td>0.881631</td>\n",
       "      <td>0.657114</td>\n",
       "      <td>0.811041</td>\n",
       "      <td>0.852577</td>\n",
       "      <td>0.439698</td>\n",
       "      <td>0.679066</td>\n",
       "      <td>MultiSeqBase</td>\n",
       "      <td>0.2</td>\n",
       "    </tr>\n",
       "    <tr>\n",
       "      <th>5</th>\n",
       "      <td>0.661357</td>\n",
       "      <td>0.605169</td>\n",
       "      <td>0.802402</td>\n",
       "      <td>0.829082</td>\n",
       "      <td>0.855682</td>\n",
       "      <td>0.880400</td>\n",
       "      <td>0.672571</td>\n",
       "      <td>0.802402</td>\n",
       "      <td>0.837006</td>\n",
       "      <td>0.482173</td>\n",
       "      <td>0.698535</td>\n",
       "      <td>MultiSeqHybridUmapEarlyGating</td>\n",
       "      <td>0.2</td>\n",
       "    </tr>\n",
       "  </tbody>\n",
       "</table>\n",
       "</div>"
      ],
      "text/plain": [
       "       loss  f1_macro  f1_micro  f1_weighted  auc_macro  auc_weighted  \\\n",
       "4  0.587916  0.627090  0.838535     0.852210   0.863175      0.883802   \n",
       "2  0.613935  0.611347  0.816030     0.837510   0.858150      0.882448   \n",
       "3  0.621282  0.617062  0.827018     0.843518   0.858954      0.881980   \n",
       "1  0.669925  0.591145  0.784377     0.817061   0.854719      0.881823   \n",
       "0  0.645549  0.602431  0.811041     0.835195   0.853384      0.881631   \n",
       "5  0.661357  0.605169  0.802402     0.829082   0.855682      0.880400   \n",
       "\n",
       "   bal_accuracy  accuracy  recall_0  recall_1  recall_2  \\\n",
       "4      0.670135  0.838535  0.883081  0.417684  0.709641   \n",
       "2      0.671959  0.816030  0.854999  0.469969  0.690908   \n",
       "3      0.672304  0.827018  0.867608  0.434913  0.714391   \n",
       "1      0.666412  0.784377  0.815355  0.485882  0.698000   \n",
       "0      0.657114  0.811041  0.852577  0.439698  0.679066   \n",
       "5      0.672571  0.802402  0.837006  0.482173  0.698535   \n",
       "\n",
       "                           model  test_frac  \n",
       "4        MultiSeqUmapEarlyGating        0.2  \n",
       "2                 MultiSeqHybrid        0.2  \n",
       "3             MultiSeqHybridUmap        0.2  \n",
       "1                   MultiSeqUmap        0.2  \n",
       "0                   MultiSeqBase        0.2  \n",
       "5  MultiSeqHybridUmapEarlyGating        0.2  "
      ]
     },
     "execution_count": 143,
     "metadata": {},
     "output_type": "execute_result"
    }
   ],
   "source": [
    "ref_df.sort_values('auc_weighted', ascending=False)"
   ]
  },
  {
   "cell_type": "code",
   "execution_count": 144,
   "metadata": {},
   "outputs": [
    {
     "data": {
